NAME: bays15
TYPE: TSP
COMMENT: 15 cities
DIMENSION: 15
EDGE_WEIGHT_TYPE: EXPLICIT
EDGE_WEIGHT_FORMAT: FULL_MATRIX 
DISPLAY_DATA_TYPE: TWOD_DISPLAY
EDGE_WEIGHT_SECTION
   0 29 20 21 16 31 10 12 3 22 30 28 13 27 6
  29 0 15 29 28 28 20 12 17 26 8 21 17 18 22
  20 15 0 12 18 26 6 27 13 14 18 24 25 18 5
  21 29 12 0 23 19 20 10 15 7 25 18 20 5 20
  16 28 18 23 0 21 19 24 22 23 24 25 23 24 18
  31 28 26 19 21 0 27 8 10 24 15 12 11 26 9
  10 20 6 20 19 27 0 12 22 24 18 21 10 15 5
  12 12 27 10 24 8 12 0 26 13 20 19 21 6 15
  3 17 13 15 22 10 22 26 0 27 18 28 16 20 7
  22 26 14 7 23 24 24 13 27 0 12 22 28 15 22
  30 8 18 25 24 15 18 20 18 12 0 26 24 13 19
  28 21 24 18 25 12 21 19 28 22 26 0 6 20 23
  13 17 25 20 23 11 10 21 16 28 24 6 0 15 27
  27 18 18 5 24 26 15 6 20 15 13 20 15 0 22
  6 22 5 20 18 9 5 15 7 22 19 23 27 22 0
DISPLAY_DATA_SECTION
  1  1150  1760
  2   630  1660
  3    40  2090
  4   750  1100
  5   750  2030
  6  1030  2070
  7  1650   650
  8  1490  1630
  9   790  2260
  10  710  1310
  11  840   550
  12 1170  2300
  13  970  1340
  14  510   700
  15  750   900
EOF
